data <- list(Nobs=1908, Nsubj=294, 
             time=c(0,1,2,3,6,9,0,1,2,3,6,9,12,0,1,2,3,6,9,12,0,1,2,3,6,9,12,0,1,2,
                    3,6,9,12,0,1,2,3,6,9,12,0,1,2,3,6,12,0,1,2,6,9,12,0,1,2,6,9,12,
                    0,1,2,3,6,9,12,0,1,2,3,6,9,12,0,1,2,3,6,12,0,1,2,3,9,12,0,1,2,3,
                    6,9,12,0,1,2,3,6,9,12,0,1,2,3,6,12,0,1,6,0,0,1,2,3,6,12,0,1,2,3,6,
                    9,12,0,1,2,3,6,9,12,0,1,2,3,6,9,12,0,1,2,6,9,12,0,1,2,3,0,0,1,2,
                    3,6,9,12,0,1,2,3,6,9,12,0,1,2,3,6,9,12,0,1,2,3,6,9,12,0,1,2,3,6,
                    9,12,0,1,2,3,6,9,12,0,1,2,3,6,9,12,0,1,2,3,6,9,12,0,1,2,3,6,9,12,
                    0,1,2,3,6,9,12,0,1,2,3,6,9,12,0,1,2,3,6,9,12,0,1,2,3,6,9,12,0,0,
                    1,2,3,6,9,12,0,1,2,3,6,9,12,0,1,2,3,6,9,12,0,1,2,3,6,9,12,0,1,2,
                    3,6,9,12,0,1,2,3,6,9,12,0,1,2,3,6,9,12,0,1,2,3,6,9,12,0,1,2,3,6,
                    9,12,0,1,2,3,6,9,12,0,1,2,3,6,9,12,0,1,2,3,6,9,12,0,1,2,3,6,9,12,
                    0,1,2,3,6,9,12,0,1,2,3,6,9,12,0,1,2,3,6,9,12,0,1,2,3,6,9,12,0,1,
                    2,3,6,9,12,0,1,2,3,6,9,12,0,1,2,3,6,9,12,0,1,2,3,6,9,12,0,1,2,3,
                    6,9,12,0,1,2,0,1,2,3,6,9,12,0,1,2,3,6,9,12,0,1,2,3,6,9,12,0,1,2,
                    3,6,9,12,0,1,2,3,6,9,12,0,1,2,3,9,12,0,1,2,3,9,12,0,1,2,3,9,12,
                    0,1,2,3,6,9,12,0,1,2,3,6,9,12,0,1,2,3,6,9,12,0,1,2,3,6,9,12,0,1,
                    2,3,6,12,0,1,2,3,6,9,12,0,1,2,3,6,9,12,0,1,2,3,6,9,12,0,1,2,3,6,
                    9,12,0,1,2,3,6,9,12,0,1,2,6,12,0,1,2,3,6,9,12,0,1,2,3,6,12,0,1,2,
                    0,1,2,3,6,9,12,0,1,2,3,6,9,12,0,1,2,3,6,9,12,0,1,2,3,6,9,12,0,1,
                    2,3,6,9,12,0,1,3,6,9,12,0,1,2,3,6,9,12,0,1,2,3,6,12,0,1,2,3,6,9,
                    12,0,1,2,3,6,9,12,0,1,2,3,6,12,0,1,2,3,6,9,12,0,1,2,3,6,9,12,0,1,
                    2,3,6,9,12,0,1,0,1,2,3,6,12,0,1,2,3,12,0,1,2,3,6,9,12,0,1,2,3,6,
                    9,12,0,1,2,3,6,9,12,0,1,2,3,6,9,12,0,1,2,3,6,9,12,0,1,2,3,6,9,12,
                    0,1,2,3,6,9,12,0,1,2,3,6,9,12,0,1,2,3,6,9,12,0,1,2,3,6,9,12,0,1,
                    2,3,6,9,12,0,1,2,3,6,12,0,1,2,3,6,9,12,0,1,2,3,6,12,0,1,2,3,6,9,
                    12,0,1,2,3,6,9,12,0,1,2,3,6,9,12,0,1,2,3,6,12,0,1,2,3,6,12,0,1,2,
                    3,6,12,0,1,2,3,6,9,12,0,1,0,1,2,3,6,9,12,0,1,2,3,6,9,12,0,1,2,3,
                    6,12,0,1,2,3,0,1,2,3,6,9,12,0,1,2,3,6,9,12,0,1,2,3,6,9,12,0,1,2,
                    3,6,9,12,0,1,2,3,6,9,12,0,1,2,0,1,2,3,6,9,12,0,1,2,3,6,9,12,0,1,
                    2,3,6,9,12,0,2,3,6,9,12,0,1,2,3,6,9,12,0,1,2,3,6,9,12,0,1,2,3,6,
                    9,12,0,1,2,3,6,9,12,0,1,2,3,6,9,12,0,1,2,3,6,9,12,0,1,2,3,6,9,12,
                    0,0,1,2,3,6,9,12,0,1,2,3,6,9,12,0,1,2,3,6,9,12,0,1,2,3,6,9,12,0,
                    1,2,3,6,9,12,0,1,2,3,6,9,12,0,1,2,3,6,12,0,1,2,3,9,12,0,1,2,3,6,
                    9,12,0,1,2,0,1,2,3,6,9,12,0,1,2,6,0,1,2,3,6,9,12,0,1,2,0,1,2,3,6,
                    9,12,0,1,2,3,6,12,0,1,2,3,6,9,12,0,0,1,2,6,0,1,2,3,6,9,12,0,1,2,3,
                    6,9,12,0,1,2,3,6,9,12,0,1,2,3,6,9,12,0,1,2,3,0,1,2,3,6,9,12,0,1,
                    2,3,6,0,1,2,3,6,9,12,0,1,2,3,6,9,12,0,1,2,3,6,12,0,1,2,3,6,9,12,
                    0,1,2,3,6,9,12,0,1,2,3,6,9,12,0,1,2,3,6,9,12,0,1,2,3,6,9,12,0,1,
                    2,3,6,9,12,0,1,0,1,2,3,6,9,12,0,1,2,3,6,9,12,0,1,2,3,6,12,0,1,2,
                    3,6,9,12,0,1,2,3,6,9,12,0,1,2,3,6,9,12,0,1,2,3,6,9,12,0,1,2,3,6,
                    9,12,0,1,2,3,6,9,12,0,1,2,3,6,9,12,0,1,2,3,6,0,1,2,3,6,9,12,0,1,
                    2,3,6,9,12,0,1,2,3,6,9,12,0,1,2,3,6,9,12,0,1,2,3,6,9,12,0,1,2,3,
                    6,0,1,2,3,6,9,12,0,1,2,3,6,9,12,0,1,2,3,6,9,12,0,1,2,3,6,9,12,0,
                    1,2,3,6,9,12,0,1,2,3,6,9,12,0,1,2,3,6,9,12,0,1,2,3,6,9,12,0,1,2,
                    3,6,9,12,0,1,2,3,6,9,12,0,1,2,3,6,9,12,0,1,2,3,6,9,12,0,1,2,3,6,
                    9,12,0,1,2,3,6,9,12,0,1,2,3,6,9,12,0,1,2,3,9,12,0,1,2,3,6,9,12,0,
                    1,2,3,6,9,12,0,1,2,3,6,12,0,1,2,3,6,9,12,0,1,2,3,6,9,12,0,1,2,3,6,
                    9,12,0,1,2,3,6,9,12,0,1,2,3,9,12,0,1,2,3,6,9,12,0,1,2,3,9,12,0,1,
                    2,3,6,9,12,0,1,2,3,6,9,12,0,1,2,3,6,9,12,0,1,2,3,6,9,12,0,1,2,3,6,
                    9,12,0,1,2,3,6,9,12,0,1,2,3,6,9,0,1,2,3,6,9,12,0,1,2,3,6,9,12,0,1,
                    2,3,6,9,12,0,1,2,3,6,9,12,0,1,2,3,6,9,12,0,1,2,3,6,9,12,0,1,2,3,6,
                    9,12,0,1,2,3,6,9,12,0,1,2,3,6,9,12,0,1,2,3,6,9,12,0,1,2,3,6,9,12,0,
                    1,2,3,6,9,12,0,1,2,3,6,9,12,0,1,2,3,6,0,1,2,9,12,0,1,2,3,6,12,0,1,
                    2,3,6,9,12,0,1,2,3,6,9,12,0,1,2,3,6,9,12,0,1,2,3,6,9,12,0,1,2,3,6,
                    9,12,0,1,2,3,6,9,12,0,1,2,3,6,9,12,0,1,2,3,6,9,12,0,1,2,3,6,9,12,0,
                    1,2,3,9,12,0,1,2,3,6,9,12,0,1,2,3,6,9,12,0,1,3,6,9,0,1,2,3,6,9,12,
                    0,1,2,3,6,9,12,0,1,2,3,6,9,12,0,1,2,3,12,0,1,2,3,6,9,12,0,1,2,3,6,
                    9,12,0,1,2,3,6,9,12,0,1,2,3,6,9,12,0,1,2,3,6,9,12,0,1,2,0,1,2,3,6,
                    9,12,0,1,2,3,6,9,12,0,1,2,3,6,9,12,0,1,2,3,9,12,0,1,2,3,6,9,12,0,1,
                    2,3,6,9,12,0,1,2,3,6,9,12,0,1,2,3,6,9,12,0,1,2,3,6,9,12,0,1,2,3,0,1,
                    2,3,6,9,12,0,1,2,3,6,9,12,0,1,2,3,6,0,1,2,3,6,9,12,0,1,2,3,6,9,12,
                    0,1,2,3,6,9,12,0,1,2,3,6,9,12,0,1,2,3,6,9,12,0,1,2,3,6,9,12,0,1,2,
                    3,6,9,12,0,1,2,3,6,9,12,0,1,2,3,6,9,12,0,1,2,3,6,9,12,0,1,2,3,6,9),